00000947
00000869
00000805
00000584
00000432
00000908
00000815
00001052
00000643
00000724
00000288
00000628
00001132
00000168
00000012
00000706
00000845
00000607
00000379
00000883
00000423
00000199
00000237
00000792
00000053
00000714
00000041
00000445
00001131
00000662
00000239
00000540
00000798
00000105
00001165
00000095
00000796
00000103
00001061
00001086
00000165
00000284
00000519
00000071
00000920
00000625
00000680
00001076
00000957
00000300
00000294
00000734
00000500
00000243
00000490
00000730
00000020
00001268
00001193
00000184
00000581
00000018
00000499
00000262
00000201
00000660
00000859
00000016
00000021
00001114
00000753
00001251
00000880
00001091
00000746
00001195
00001269
00000326
00000702
00000219
00000694
00000426
00000855
00000835
00001259
00000307
00000408
00000802
00001211
00000164
00000711
00001199
00000216
00000588
00000036
00000542
00000371
00000749
00000419
00000679
00000428
00001210
00000752
00000620
00000127
00001037
00000487
00000007
00000856
00001170
00000498
00000135
00000528
00000673
00000471
00000384
00000263
00000771
00001144
00000495
00000508
00001160
00000926
00000814
00001066
00000351
00000988
00001235
00000217
00001150
00000652
00000381
00000710
00000147
00000101
00000302
00000585
00000576
00000102
00000477
00000773
00000312
00000966
00000048
00000866
00000144
00001181
00001231
00000645
00001213
00001166
00000903
00000661
00001266
00000934
00000106
00000361
00000635
00001224
00000232
00000656
00001186
00001130
00001202
00001033
00001157
00000943
00000913
00000453
00000518
00000750
00001252
00000482
00000275
00000183
00000389
00000621
00000138
00001270
00001092
00000082
00001223
00000178
00001234
00000404
00000163
00000697
00000658
00000558
00001257
00001149
00000902
00001121
00000982
00000629
00000344
00001063
00000544
00000809
00000918
00000418
00000236
00000000
00000405
00000871
00000096
00001164
00000624
00000013
00000449
00000396
00000443
00000256
00000657
00000192
00000868
00000252
00000523
00000589
00000233
00000992
00000141
00000699
00000807
00000517
00000489
00000968
00000295
00001254
00000744
00001156
00000388
00001107
00000941
00000458
00000422
00000524
00001003
00000897
00000058
00000776
00000709
00001177
00000501
00000820
00000538
00001109
00001265
00000114
00000438
00000198
00000364
00001261
00001055
00001095
00000146
00000634
00000172
00000936
00001078
00000339
00001180
00001082
00000917
00000059
00000858
00000731
00000867
00000137
00001005
00001222
00000985
00000204
00000037
00000190
00000795
00000994
00000476
00000614
00000218
00000460
00000877
00001038
00000886
00000337
00000816
00000911
00000653
00000729
00000292
00000206
00000162
00000861
00001250
00000253
00000698
00000179
00000637
00000944
00000940
00001019
00000197
00001105
00000784
00000851
00000227
00000231
00000566
00000152
00000818
00000480
00000075
00000619
00000537
00000916
00000346
00001127
00000073
00001171
00000155
00000066
00000067
00000259
00000491
00000435
00000401
00000126
00000583
00000993
00000949
00000960
00000844
00000986
00000854
00001124
00000475
00000122
00000996
00000604
00000847
00000716
00001051
00000277
00000393
00000189
00000928
00000202
00000529
00000415
00000081
00000017
00000338
00001004
00000541
00000468
00000654
00000322
00001174
00000567
00000354
00000089
00000674
00000573
00001041
00001220
00000979
00000150
00000770
00000030
00000363
00000591
00000494
00000327
00000999
00000633
00001025
00001245
00000383
00001023
00001216
00000989
00000603
00000837
00000504
00000596
00000109
00001006
00000743
00000009
00000801
00001024
00000134
00000843
00000359
00000027
00000077
00000804
00000329
00000340
00000035
00000305
00001227
00001179
00000684
00000768
00000834
00000894
00000223
00000764
00000791
00000465
00000010
00000687
00000303
00001162
00000060
00001117
00000799
00000247
00000087
00001044
00000811
00000534
00000395
00000320
00001060
00001034
00001238
00000648
00001100
00000545
00000276
00000153
00000738
00000808
00000586
00001120
00000091
00000115
00001153
00000884
00000974
00000015
00000612
00000910
00001240
00001116
00001218
00000221
00000100
00000479
00000882
00001208
00000915
00000029
00000692
00000136
00000314
00000995
00000848
00000594
00000841
00000782
00000074
00000849
00000615
00001053
00001152
00000975
00000306
00000249
00000228
00000129
00000317
00000429
00000205
00000325
00000830
00000093
00001079
00000977
00000433
00000510
00000251
00001043
00000900
00000823
00001012
00000797
00000246
00000726
00001057
00000736
00000265
00001190
00001191
00001232
00000331
00000532
00000836
00000367
00001178
00000056
00000623
00000080
00000930
00000601
00000473
00000785
00000324
00000450
00000260
00001064
00000385
00001028
00000313
00001108
00000038
00001047
00000213
00000778
00000282
00000932
00000595
00001260
00001236
00000668
00000955
00000342
00001173
00001137
00000270
00000677
00000273
00000335
00000664
00000649
00001103
00000551
00000787
00000375
00001209
00000210
00000563
00001099
00001229
00001013
00000108
00000032
00000224
00000700
00000072
00000244
00000863
00000257
00000548
00001140
00001163
00000870
00001204
00000754
00000348
00001176
00001247
00000617
00000250
00000790
00000166
00001083
00001205
00001200
00001217
00000272
00000512
00000636
00000222
00000819
00001031
00000220
00001243
00000780
00000608
00001237
00001184
00000143
00000810
00000226
00000196
00000739
00000191
00000972
00000149
00001046
00000987
00000062
00000817
00000832
00000973
00000590
00001182
00000410
00000627
00000099
00000980
00000638
00000688
00000051
00000515
00000356
00000290
00000569
00000439
00000459
00001016
00001228
00000509
00000098
00000571
00000991
00000373
00000478
00001198
00000720
00000587
00001194
00000775
00000751
00000044
00000786
00001029
00000990
00001192
00000414
00000026
00000343
00001201
00000885
00001027
00000052
00000431
00000765
00000812
00001187
00000942
00000605
00001126
00000078
00000978
00000964
00001141
00000442
00001212
00001161
00000520
00000125
00000185
00000862
00001206
00000933
00000556
00000690
00000693
00000493
00000895
00000358
00000469
00000611
00001102
00000533
00000390
00000158
00001049
00000350
00000264
00000214
00000777
00000133
00000794
00000961
00000402
00000225
00000407
00000651
00000070
00001221
00001239
00000946
00000721
00001256
00001000
00000084
00001233
00001088
00001074
00000352
00000998
00000267
00000852
00000872
00000472
00000454
00000683
00000378
00000061
00000420
00001059
00000464
00000728
00000553
00000025
00001155
00000703
00000829
00000187
00000394
00000182
00000742
00001072
00001045
00000513
00000953
00000241
00000755
00001071
00000958
00000889
00000806
00000962
00001075
00001249
00000047
00001098
00000286
00000681
00001122
00001067
00000123
00000552
00000427
00000853
00000779
00000919
00000049
00000951
00001039
00000757
00001214
00000763
00000209
00000827
00000154
00000708
00000121
00000255
00000616
00000176
00000309
00000892
00000430
00001258
00000909
00000655
00000310
00001203
00000318
00000238
00000008
00000455
00000574
00000370
00000514
00001142
00001084
00000296
00000090
00000568
00000042
00001148
00001050
00001159
00000497
00000368
00000301
00001036
00000128
00000207
00000562
00000632
00000967
00001125
00000938
00000874
00000873
00000924
00000011
00000440
00000650
00000436
00000813
00000193
00000555
00000254
00000086
00000392
00001226
00001002
00000372
00000971
00000417
00000546
00000860
00001011
00001026
00001062
00001068
00001219
00001135
00000434
00000554
00000400
00001030
00000160
00001175
00000783
00001032
00000704
00000712
00000896
00000437
00001001
00000285
00000597
00000767
00000085
00000094
00000659
00000904
00000139
00000965
00000762
00000278
00001255
00000159
00000745
00000065
00000142
00000261
00000230
00000723
00000559
00000336
00000580
00001123
00000167
00001167
00000323
00000064
00000107
00000758
00000293
00000403
00000669
00000279
00000675
00001136
00000864
00001007
00000040
00001010
00001087
00000173
00000180
00000735
00000875
00000759
00000258
00000793
00000547
00000188
00000380
00000462
00001110
00000280
00000686
00000831
00000157
00000769
00000840
00000271
00001118
00000618
00001115
00001077
00000578
00000959
00000117
00000865
00000022
00000593
00000050
00000362
00000939
00000905
00000577
00000345
00001246
00000922
00000387
00000212
00000557
00000131
00000609
00000283
00000502
00000145
00000229
00001094
00000575
00000622
00000741
00000374
00000328
00000200
00000511
00000640
00000321
00000505
00000268
00000676
00001070
00000718
00000104
00000461
00000274
00000156
00000140
00001183
00000715
00000821
00000599
00001014
00000215
00001017
00001112
00000602
00000444
00001106
00000828
00000838
00000316
00000240
00000397
00001065
00000665
00001080
00000492
00000248
00000448
00000945
00001271
00000092
00000409
00001147
00000691
00000177
00000914
00000083
00000357
00000046
00000774
00000483
00000330
00000788
00000954
00000570
00000572
00000334
00001128
00001040
00000391
00000399
00000772
00001097
00001022
00000713
00000613
00001134
00000527
00000076
00000825
00000069
00000181
00000626
00001207
00000733
00000740